.Random.seed <-
c(403L, 1L, -742858318L, -1314111315L, -1750380441L, 1564505998L, 
-968671128L, -679228309L, 611800585L, 298186904L, -1181228090L, 
466515745L, 2075841459L, -599287006L, -1206973164L, -1222181481L, 
-1878891123L, 812344484L, -1421932918L, -254952203L, -1660476593L, 
1434991702L, 1668169472L, -513680829L, 271204833L, 692897104L, 
-1357309010L, 1795316057L, -145889429L, -1762560294L, 783292316L, 
-752260193L, 1536463349L, 1930683532L, 638471522L, -622919363L, 
-895768137L, 2042580574L, -99055720L, -2104219909L, 1689538201L, 
1021081384L, 601673174L, 704934481L, -1268078333L, -1980414830L, 
1623022116L, 1589380327L, 430037309L, 1963421108L, 141537818L, 
2038471013L, 1673652223L, -1769185658L, 1246217744L, 1495760051L, 
-339634351L, -359064832L, -1234861602L, -443069911L, 1371834843L, 
132265706L, -187468660L, 1347828687L, -1652829307L, 636878908L, 
1012601106L, -1773439475L, -652556985L, 313708334L, -649182584L, 
723805067L, -354503831L, 1055354168L, -1891377178L, 1540593537L, 
791555859L, 2140559554L, 719696756L, -1167106185L, 1635813485L, 
428402436L, -1249495510L, -87278699L, 2109440047L, 68057398L, 
-2095687328L, 1725912995L, -974126911L, 1678758064L, 875405262L, 
-1746685127L, 377707339L, -1333333766L, 955255292L, -889673153L, 
32104213L, -548795348L, -962095870L, 65895901L, -1059136297L, 
-412497986L, -41094664L, -1138850341L, -666932167L, 636525960L, 
501086518L, 1871766385L, -1517518429L, 533978354L, 663593028L, 
413373191L, 1890108125L, -1245918252L, -1236169990L, 680103493L, 
-1883769185L, -1202230234L, 288426160L, -1844620973L, -483169167L, 
1030746528L, -1661104834L, -787297207L, 1660799227L, 1659347146L, 
49042988L, 226986543L, -112753947L, -320342116L, 1677517298L, 
-1576776595L, -537600601L, -956758066L, -750582488L, -1250609365L, 
1992375625L, 1142170200L, -992019706L, 1380259553L, 1598980723L, 
-1213158686L, -1151871404L, 1628004183L, 1657557837L, 2018186980L, 
-1439623478L, 668161845L, -32842353L, -900883818L, -1258065344L, 
-1486228733L, -184589535L, 1835336720L, 1836295150L, -1202220135L, 
-850891733L, -645195494L, -850256932L, -995861025L, -208942667L, 
161318732L, -1345454686L, 193719549L, -407080457L, 1301348126L, 
364798424L, -1186292933L, -1376588583L, -1359601560L, -1128462954L, 
-796426991L, -195080509L, 942477010L, 2057312100L, -1933587801L, 
-935226371L, -1761696268L, 254698202L, 1239831589L, -1654171329L, 
-1116381498L, 259339088L, 1820642163L, 611278225L, 1088405440L, 
922589598L, 1887929193L, -2081859685L, 318471850L, 1217091788L, 
658876815L, 930012613L, -1931804292L, -550465070L, 1097870669L, 
-1901424633L, -570621970L, 908281544L, -1448986165L, -454513623L, 
-1873282440L, 161179558L, 1896640961L, -528439725L, -1307841278L, 
1543412788L, -1381483081L, 1404653997L, 1905095364L, 1517184746L, 
955894101L, 1513348847L, 427203830L, 1729891360L, -1370681885L, 
1255075457L, -2003285776L, -152877170L, 1960900857L, -479042933L, 
1942381242L, 711871932L, -144869633L, 1274509909L, 1217052012L, 
-1576454718L, -526944739L, 839020183L, -1686245012L, 807614388L, 
-2045911534L, -1571175456L, -1681127988L, 2036557024L, 35328034L, 
-2103306456L, -1679788532L, -1058081988L, 1108898802L, 215059184L, 
-615699900L, 291948120L, -1221208262L, -955796496L, -1945401668L, 
1711695124L, -1474899774L, -1865696160L, 1240840572L, 1924372432L, 
497842466L, -295424344L, -1331127412L, -691159876L, -1621074126L, 
950788672L, 844367028L, 1088783432L, 747149754L, -63504880L, 
410257644L, 1093163348L, -990988526L, -2075454048L, -1685914932L, 
637220448L, 2027364290L, -36699352L, 1567378860L, -648294084L, 
-754450574L, 647954736L, 697184036L, -1215232712L, 814586586L, 
-675035248L, 1386500860L, -803410028L, 1486907458L, 514678016L, 
1168010300L, -382579376L, -2035509086L, 1233762120L, -314599668L, 
1837173468L, 1776710482L, -1414655360L, -855721900L, -709719064L, 
-1149618438L, -1856665264L, 1105576748L, 1006258036L, -1127087214L, 
-250644896L, -1488400500L, -12520608L, -1213052958L, -1428537432L, 
-1112531764L, -207794692L, 1549667250L, -506172944L, 198519236L, 
85008728L, 1159128442L, -1651060304L, -1009864772L, 1648431188L, 
642237378L, -513498080L, -1959199556L, -1368057264L, -1501790238L, 
-467732888L, 135174732L, 2050883836L, 877989874L, 891714816L, 
34166644L, 1375043592L, 1135248826L, 276512208L, -1105648660L, 
-871014508L, -395093038L, 1471420256L, -2009889460L, 1390914848L, 
-1318435966L, -525952280L, 1664132332L, -1188402628L, -1111782542L, 
-55956880L, 1948792868L, -1122187464L, 1785392282L, 1420546768L, 
-2138627908L, -1957636460L, -447093118L, 1724824768L, 1085763900L, 
492998800L, -2122061278L, -521697784L, -1337605876L, 1069544092L, 
1731071506L, -915010176L, 710843924L, -419293656L, -647240390L, 
1499187152L, 341381740L, 200140596L, -1311014254L, 487086432L, 
-755879604L, 579440608L, 1395212194L, -1194862680L, -1130910836L, 
-1759828292L, 151030642L, 1967872240L, -2052474812L, -1285218984L, 
1345836090L, -1048566928L, -2053962692L, -1938928876L, -1136121406L, 
957849824L, -355575940L, 2030542544L, -1218820446L, -2017197016L, 
1085688076L, 1041478588L, -907068110L, 1253089216L, -141290956L, 
894589896L, -1987918662L, -1418915952L, -143821332L, -1253818284L, 
-1259979118L, -1339622624L, 91860428L, 1093491680L, -1291615550L, 
1341725224L, -1240555860L, 39908028L, -1071754766L, -456537808L, 
1292307620L, 1028555448L, -221254822L, 1462242704L, 1190703484L, 
-847114988L, -1620989630L, 238813952L, 1402706876L, -2028913840L, 
559481122L, -1842913976L, 587888652L, -435603364L, -1959418670L, 
-815708160L, 1746172756L, -1449451032L, 1196136442L, 1764955856L, 
-1863654100L, -425326348L, -1248802926L, 2135686240L, 835484940L, 
1291142880L, -1563042462L, 1180746408L, 2118343244L, -650332292L, 
-1642271950L, 1266400880L, 1408580932L, 491944920L, 2004766842L, 
-1194416592L, 516852412L, -1396512940L, 175495746L, -1702515808L, 
1338706108L, 1396908496L, 117359970L, 824202216L, -1491503156L, 
-404375812L, -1586311182L, -98706304L, 1438931188L, 500855944L, 
54158650L, -942947504L, -2055828372L, 788283540L, 1020860754L, 
1089316978L, 1915794624L, 902056233L, -1849569381L, 387680364L, 
1845517434L, -1476557393L, -985037639L, 1666993870L, -260502500L, 
-69521523L, 102803959L, 1721957632L, 608869214L, 477670443L, 
-569670867L, 186150810L, 1064590680L, 343969985L, -208326797L, 
-1547979628L, 382419234L, -1442537417L, -872787711L, 1169220614L, 
-1516281276L, 735038325L, 149384927L, -1236067784L, 2136592918L, 
-2062432733L, -2122362395L, -1063591934L, 285801072L, 677998617L, 
-528078325L, 1724440828L, 1929100586L, -1676418209L, -714411287L, 
-908092930L, -18618900L, 336565565L, 180870407L, -771179280L, 
-1321983858L, -1285924165L, -1717128547L, -393116086L, -357520280L, 
-20257711L, 1696649027L, -275228092L, -1892837134L, 1700619463L, 
1724636817L, 1431363606L, 1619298932L, -2055844603L, -750681265L, 
33049928L, -619790106L, 97998355L, -1429960331L, -2001826478L, 
1123605920L, 102501513L, -1935246149L, 1048948492L, -987969894L, 
1312037903L, -716416935L, 1376900334L, -364572804L, -1252295699L, 
-811711337L, -775549088L, 2133223230L, -282929141L, -1244987251L, 
2101066170L, 741357560L, -939265119L, -890401453L, 794051700L, 
-336710142L, 899704983L, -999908767L, -1728720218L, 1846803108L, 
-712880299L, 774132735L, -148868456L, 1901991862L, -310830013L, 
1422284165L, 1968983586L, -173001456L, 186193081L, 1346599275L, 
1325373532L, 1237685642L, 126939519L, -777032503L, -962408098L, 
-1873919476L, 131966429L, -1598341913L, -2092218096L, -1710065618L, 
-1225031973L, 1907005373L, 1853337898L, -2013514296L, 1829300977L, 
382985315L, -2078506908L, 452217746L, 1332027495L, -1607794639L, 
630985078L, 965197460L, -1663044443L, -1113167441L, -1217154456L, 
-1330369978L, 2047782899L, 8466261L, -1211215566L, 253293824L, 
347276777L, 1854681179L, 1751237292L, 1249320122L, -1634722193L, 
-1620685831L, 674517646L, -1176714404L, -761835571L, 330485559L, 
1727770048L, -1993174370L, -1290908821L, -1982074131L, 810772314L, 
