.Random.seed <-
c(403L, 1L, 1614558815L, 705906229L, -1213176372L, 1780016418L, 
1454788477L, 101409911L, -662972002L, 1806356568L, -1937715781L, 
1614766937L, 1496912104L, -585060074L, 852054673L, 1907826499L, 
1636334162L, -1822946076L, -270395609L, -307719299L, 1107322484L, 
1279252570L, -538009435L, -1403780417L, 606918982L, 1907650512L, 
1467967987L, -1784675055L, 849191232L, 1544261918L, 162113001L, 
128263963L, -357576406L, -1003861428L, -157477361L, -604800699L, 
840786684L, 1454512466L, -1011044659L, 1111393927L, -112914066L, 
-2119177400L, 1492463435L, -268568919L, 509398008L, 1852076838L, 
639513665L, -839166509L, -942024830L, 1086036916L, 2103046967L, 
-1330933203L, -1439984828L, -146802582L, -1751571755L, -219784081L, 
-670083722L, -1732321632L, -1870275741L, 1765158913L, 1247107952L, 
1178243854L, 164228473L, 1679804683L, 340671034L, -252382916L, 
843112063L, -1096399403L, 1402977260L, 2032155970L, 623264413L, 
1686171415L, 2062814846L, 1643097656L, -191588069L, -1753465223L, 
-1201734968L, 1276652278L, 485401393L, 533197667L, 1326238002L, 
-1901315452L, -180578617L, 221437341L, 428980500L, -648489030L, 
-1782676987L, 1893290975L, 1513138790L, -163338768L, 1753309971L, 
-1799926607L, -710520992L, -669922050L, -2032481143L, 15100859L, 
1763198346L, -1756412820L, 1937006063L, 1391318565L, -1142787364L, 
-1331353422L, -66065491L, 1650503527L, -608502642L, 2060089704L, 
-281925269L, -1257133303L, -50954856L, -1508053818L, -276859359L, 
-833694029L, 375946274L, -1415903724L, 382761623L, -1272204147L, 
229620132L, -938564726L, 419991541L, 2044427855L, 1070369110L, 
231846912L, -2140848829L, 1536176353L, -1425192368L, -470288722L, 
-1200799143L, -537728405L, 847798234L, 508666012L, 910840479L, 
-23101195L, -305493620L, -1710873502L, -1316559811L, 1287718583L, 
-739039906L, 549383320L, -1702938629L, 1381989785L, -832733656L, 
112953046L, 1317196625L, -1389890045L, 1488959890L, -327203036L, 
1484630503L, -1860958659L, 243151028L, 369469210L, -1935340443L, 
788661503L, -805739130L, -29091056L, -890937421L, -1756535727L, 
1428785152L, -2050451234L, 1619710761L, 39014107L, 1133567466L, 
-32201332L, 734722767L, -548157819L, 1589798204L, -860674030L, 
22644493L, -571448249L, -1503967698L, 1212395400L, 148826763L, 
714046569L, 1075437624L, 1588373734L, -329101183L, -1005361133L, 
1317863362L, 25495668L, -279716233L, 1386528621L, -621002748L, 
-733103318L, 951328917L, -800383185L, -385046986L, 1299612256L, 
2028830883L, -2132077631L, -1474928720L, 1237592782L, 1454708793L, 
1030594123L, -12508166L, 1747504892L, -856620225L, -731231211L, 
1625532204L, 1699810306L, -1227641123L, -866189865L, 1745672382L, 
201722616L, -1086943013L, 1719767865L, -1709844856L, -503864778L, 
-690652559L, -1105788765L, -2128754190L, -1094342332L, -267976185L, 
-1789620259L, 428792020L, -1395218438L, 698507077L, 811469727L, 
-1176780506L, 1155477936L, -824284589L, 159569265L, 1812772000L, 
1183945790L, 1836833609L, -924513797L, 1892576714L, -1739021524L, 
319965999L, -1186459163L, 423763100L, -128915768L, 2090733242L, 
1792641168L, 992209644L, -732306860L, 1954834066L, 66886432L, 
1700748236L, 1807955168L, 1588951746L, -1320173528L, -1340824660L, 
-2120117572L, 878599666L, -295784912L, -324417628L, 1910023608L, 
-1564407974L, -751810416L, 530899836L, 378755860L, -2107342526L, 
-894508288L, 2082482108L, -509566128L, -1360925406L, -1622043064L, 
1477814284L, -561346468L, 1794167250L, 293646848L, -1212679852L, 
636290280L, -1090765574L, -762224944L, 32679212L, 2119387380L, 
1638813074L, 1075450208L, -1968484340L, -898763040L, -1366414750L, 
-274897240L, 1400374860L, -398662788L, -773495502L, 1666774640L, 
1410173764L, -2117696552L, -1076080774L, 632523312L, -1558254660L, 
1858425428L, -1058601918L, 901578912L, -2064991556L, 357105104L, 
8341346L, -1860547864L, 1374606540L, -1264251396L, 1759295986L, 
-1687054720L, -1039362572L, -1182354808L, -765812934L, -232816816L, 
1588722796L, -1415842412L, 296961106L, -2035607072L, 1612672204L, 
1731897504L, -1439692414L, 1301141736L, 693312236L, -618216132L, 
501269618L, -1203270544L, -1154608092L, 134828088L, 1466262298L, 
-873569072L, -183463108L, 694787988L, 769660802L, -796299840L, 
-907742660L, -506758768L, -959262174L, 263097608L, -2013830516L, 
785712924L, 1601005714L, -1531745920L, -1516262892L, -1851792600L, 
407887418L, 1688457680L, -1560332948L, 109800372L, 1692601362L, 
144284128L, 242211788L, 45287648L, -355565534L, 602869032L, -445600244L, 
162036540L, -824278030L, -766943504L, -480697788L, -867701160L, 
-344030406L, -160439824L, -1087213892L, -1622004460L, 1748973250L, 
-758220704L, 2124978044L, 455556048L, 1290956066L, 1682900648L, 
-2030658676L, 1085598908L, -1899346126L, -1291208128L, 1791160500L, 
-1972118968L, -1093317190L, 559960592L, -1480329492L, 2099676500L, 
1884140818L, 1602988448L, 2058467020L, 1128406624L, 782748610L, 
2106747688L, 227552172L, -1060536516L, -926777998L, -1914605776L, 
-2036419292L, -2092051656L, -1566028070L, -786982000L, 808389372L, 
1028281236L, 1460428866L, 1435537664L, -672015300L, 993285456L, 
-1471754078L, -2052979384L, -2145903860L, -67151140L, 1359683922L, 
-1315166080L, -776000428L, -554232856L, -384766726L, -2135249072L, 
-1431046356L, -1055400588L, -542457966L, 1687366752L, 1465533836L, 
-210713760L, 1693165026L, -431483992L, 412735692L, 718017532L, 
-2103332430L, -597541392L, 1875419076L, 719128920L, 8146298L, 
233371568L, -1804575300L, -1654533036L, -309819454L, 1297508384L, 
121618620L, -703691184L, -1228490782L, 1763432552L, 2134628428L, 
-210082564L, 1612437490L, 91880704L, 2041402740L, 2039660552L, 
-1363323974L, -748399152L, 2019971052L, 410609044L, -2069569070L, 
-826418848L, 1790401356L, 1759949088L, 1433274242L, 1430257384L, 
-171824916L, 2115668028L, -1013760142L, 1642122864L, -441140188L, 
604786488L, -2002535270L, -1085029680L, -1904947012L, -2084241772L, 
1733422722L, 195723456L, 2009114428L, 917139600L, 1175911970L, 
-567743480L, 1168780556L, -1407206244L, -436522478L, -1880157312L, 
-1512757740L, -178946520L, -1155875526L, -74420784L, -1278876074L, 
-228508957L, 766508197L, -1814174398L, -1650953424L, -666151079L, 
815299787L, -752333508L, 1091881322L, -1008876641L, -609583575L, 
733749438L, -249955924L, -1585748227L, -1304583609L, 986411312L, 
1901918798L, 2032132731L, -1362165283L, -1545615350L, 1857526056L, 
249866129L, -828003965L, -1082210684L, -1433439054L, 213976071L, 
-1701982127L, -1508802602L, -1817850188L, -811209019L, 914448399L, 
143765640L, 178983334L, 1484163411L, -397755723L, -370274286L, 
694542816L, -20343735L, 2022359675L, 711953228L, -1616560422L, 
1537987279L, -620875111L, -1435410770L, -1967948868L, 412271661L, 
405834711L, -1817173472L, -1563876482L, 1502014795L, 388910925L, 
1791829370L, 1300338616L, 1541721441L, 132251923L, 926906676L, 
281064258L, -1312709801L, -1608113503L, -300788890L, -76288668L, 
-926574443L, -230614593L, 425971032L, -437243018L, 439341443L, 
-735505467L, -1911240478L, -1201181360L, -1518879623L, -745254997L, 
-395102948L, 1367949898L, 1758611007L, 1141168777L, -361922914L, 
-2143003828L, -895681763L, -166458713L, 1605648848L, 1635346798L, 
-1787784165L, -1323745923L, 1297464170L, 486686216L, -1477840207L, 
-808305373L, 1089605156L, -549821230L, 1560847655L, 1902391153L, 
1778576822L, 1680168276L, -1904061467L, -1952870929L, 1811322152L, 
-1395808890L, -1906310733L, 1982979349L, 766033778L, 2087979968L, 
-349070295L, 161867931L, -1748863636L, 133590394L, 1469259439L, 
973981113L, 2065885134L, 842336028L, 794572429L, -1673955593L, 
1401879040L, -2070559650L, 1409664811L, -1787304915L, 2120168602L, 
-1093175208L, -1018056767L, -1493024653L, -1932199532L, 1093761058L, 
-1664913609L, 1616769537L, 834513670L, 2035513156L, 1788447349L, 
-164271137L, -365056200L, -1737049834L, 1885840675L, 1872402149L, 
17723138L, 886128L, -2083392231L, 98536715L, -1672475140L, 1282090538L, 
-2088194465L, 594464233L, -552415490L, -647672084L, 1861336637L, 
-689238521L, 1356898800L, -819158642L, 1949493179L, -333688419L, 
